1,1,1,1,1,1,1,1,1,1,1,1,1,1,1,1,1,1,1,1,1,1,1,1,1,1,1,1,1,1,1,1,1,1,1,1,1,1,1,1,1,1,1,1,1,1,1,1,1,1,1,1,1,1,1,1,1,1,1,1,1,1,1,1,1,1,1,1,1,1,1,1,1,1,1,1,1,1,1,1,1,1,1,1,1,1,1,1,1,1,1,1,1,1,1,1,1,1,1,1
1,1,1,1,1,1,1,1,1,1,1,1,1,1,1,1,1,1,1,1,1,1,1,1,1,1,1,1,1,1,1,1,1,1,1,1,1,1,1,1,1,1,1,1,1,1,1,1,1,1,1,1,1,1,1,1,1,1,1,1,1,1,1,1,1,1,1,1,1,1,1,1,1,1,1,1,1,1,1,1,1,1,1,1,1,1,1,1,1,1,1,1,1,1,1,1,1,1,1,1
1,1,1,1,1,1,1,1,1,1,1,1,1,1,1,1,1,1,1,1,1,1,1,1,1,1,1,1,1,1,1,1,1,1,1,1,1,1,1,1,1,1,1,1,1,1,1,1,1,1,1,1,1,1,1,1,1,1,1,1,1,1,1,1,1,1,1,1,1,1,1,1,1,1,1,1,1,1,1,1,1,1,1,1,1,1,1,1,1,1,1,1,1,1,1,1,1,1,1,1
1,1,1,1,1,1,1,1,1,1,1,1,1,1,1,1,1,1,1,1,1,1,1,1,1,1,1,1,1,1,1,1,1,1,1,1,1,1,1,1,1,1,1,1,1,1,1,1,1,1,1,1,1,1,1,1,1,1,1,1,1,1,1,1,1,1,1,1,1,1,1,1,1,1,1,1,1,1,1,1,1,1,1,1,1,1,1,1,1,1,1,1,1,1,1,1,1,1,1,1
1,1,1,1,1,1,1,1,1,1,1,1,1,1,1,1,1,1,1,1,1,1,1,1,1,1,1,1,1,1,1,1,1,1,1,1,1,1,1,1,1,1,1,1,1,1,1,1,1,1,1,1,1,1,1,1,1,1,1,1,1,1,1,1,1,1,1,1,1,1,1,1,1,1,1,1,1,1,1,1,1,1,1,1,1,1,1,1,1,1,1,1,1,1,1,1,1,1,1,1
1,1,1,1,1,1,1,1,1,1,1,1,1,1,1,1,1,1,1,1,1,1,1,1,1,1,1,1,1,1,1,1,1,1,1,1,1,1,1,1,1,1,1,1,1,1,1,1,1,1,1,1,1,1,1,1,1,1,1,1,1,1,1,1,1,1,1,1,1,1,1,1,1,1,1,1,1,1,1,1,1,1,1,1,1,1,1,1,1,1,1,1,1,1,1,1,1,1,1,1
1,1,1,1,1,1,1,1,1,1,1,1,1,1,1,1,1,1,1,1,1,1,1,1,1,1,1,1,1,1,1,1,1,1,1,1,1,1,1,1,1,1,1,1,1,1,1,1,1,1,1,1,1,1,1,1,1,1,1,1,1,1,1,1,1,1,1,1,1,1,1,1,1,1,1,1,1,1,1,1,1,1,1,1,1,1,1,1,1,1,1,1,1,1,1,1,1,1,1,1
1,1,1,1,1,1,0.99987,0.99846,1.0563,1.0783,1.076,1.076,1.076,1.076,1.076,1.076,1.076,1.076,1.076,1.076,1.076,1.076,1.076,1.076,1.076,1.076,1.076,1.076,1.076,1.076,1.076,1.076,1.076,1.076,1.076,1.076,1.076,1.076,1.076,1.076,1.076,1.076,1.076,1.076,1.076,1.076,1.076,1.076,1.076,1.0765,1.0732,1.0422,1.0389,1.0393,1.0393,1.0393,1.0393,1.0393,1.0393,1.0393,1.0393,1.0393,1.0393,1.0393,1.0393,1.0393,1.0393,1.0393,1.0393,1.0393,1.0393,1.0393,1.0393,1.0393,1.0393,1.0393,1.0393,1.0393,1.0393,1.0393,1.0393,1.0393,1.0393,1.0393,1.0393,1.0393,1.0393,1.0393,1.0393,1.0393,1.039,1.0437,1.0169,0.99811,1,1,1,1,1,1
1,1,1,1,1,1,1.0012,1.0143,0.47841,0.27424,0.29606,0.29606,0.29606,0.29606,0.29606,0.29606,0.29606,0.29606,0.29606,0.29606,0.29606,0.29606,0.29606,0.29606,0.29606,0.29606,0.29606,0.29606,0.29606,0.29606,0.29606,0.29606,0.29606,0.29606,0.29606,0.29606,0.29606,0.29606,0.29606,0.29606,0.29606,0.29606,0.29606,0.29606,0.29606,0.29606,0.29606,0.29606,0.29606,0.29284,0.31567,0.53053,0.55336,0.55013,0.55013,0.55013,0.55013,0.55013,0.55013,0.55013,0.55013,0.55013,0.55013,0.55013,0.55013,0.55013,0.55013,0.55013,0.55013,0.55013,0.55013,0.55013,0.55013,0.55013,0.55013,0.55013,0.55013,0.55013,0.55013,0.55013,0.55013,0.55013,0.55013,0.55013,0.55013,0.55013,0.55013,0.55013,0.55013,0.55013,0.55216,0.51627,0.83726,1.0186,1,1,1,1,1,1
1,1,1,1,1,1,1.0035,1.0421,-0.53769,-1.1396,-1.0752,-1.0752,-1.0752,-1.0752,-1.0752,-1.0752,-1.0752,-1.0752,-1.0752,-1.0752,-1.0752,-1.0752,-1.0752,-1.0752,-1.0752,-1.0752,-1.0752,-1.0752,-1.0752,-1.0752,-1.0752,-1.0752,-1.0752,-1.0752,-1.0752,-1.0752,-1.0752,-1.0752,-1.0752,-1.0752,-1.0752,-1.0752,-1.0752,-1.0752,-1.0752,-1.0752,-1.0752,-1.0752,-1.0752,-1.0997,-0.92635,0.7058,0.87919,0.85469,0.85469,0.85469,0.85469,0.85469,0.85469,0.85469,0.85469,0.85469,0.85469,0.85469,0.85469,0.85469,0.85469,0.85469,0.85469,0.85469,0.85469,0.85469,0.85469,0.85469,0.85469,0.85469,0.85469,0.85469,0.85469,0.85469,0.85469,0.85469,0.85469,0.85469,0.85469,0.85469,0.85469,0.85469,0.85469,0.85469,0.87565,0.66375,0.61133,1.0398,1,1,1,1,1,1
1,1,1,1,1,1,1.0034,1.0405,-0.48197,-1.0621,-1,-1,-1,-1,-1,-1,-1,-1,-1,-1,-1,-1,-1,-1,-1,-1,-1,-1,-1,-1,-1,-1,-1,-1,-1,-1,-1,-1,-1,-1,-1,-1,-1,-1,-1,-1,-1,-1,-1,-1.0256,-0.84454,0.86009,1.0412,1.0156,1.0156,1.0156,1.0156,1.0156,1.0156,1.0156,1.0156,1.0156,1.0156,1.0156,1.0156,1.0156,1.0156,1.0156,1.0156,1.0156,1.0156,1.0156,1.0156,1.0156,1.0156,1.0156,1.0156,1.0156,1.0156,1.0156,1.0156,1.0156,1.0156,1.0156,1.0156,1.0156,1.0156,1.0156,1.0156,1.0156,1.0378,0.81957,0.63742,1.0364,1,1,1,1,1,1
1,1,1,1,1,1,1.0034,1.0405,-0.48193,-1.062,-1,-1,-1,-1,-1,-1,-1,-1,-1,-1,-1,-1,-1,-1,-1,-1,-0.99989,-1.0011,-1.0018,-0.99986,-1,-1,-1,-1,-1,-1,-1,-1,-1,-1,-1,-1,-1,-1,-1,-1,-1,-1,-1,-1.0254,-0.8457,0.8457,1.0254,1,1,1,1,1,1,1,1,1,1,1,1,1,1,1,1,1,1,0.99995,0.99946,1.0218,1.0102,1,0.9999,1,1,1,1,1,1,1,1,1,1,1,1,1,1.022,0.80518,0.63623,1.0366,1,1,1,1,1,1
1,1,1,1,1,1,1.0034,1.0405,-0.48193,-1.062,-1,-1,-1,-1,-1,-1,-1,-1,-1,-1,-1,-1,-1,-1,-0.99936,-1.0032,-1.0603,-1.0719,-1.0257,-0.99894,-0.99995,-1,-1,-1,-1,-1,-1,-1,-1,-1,-1,-1,-1,-1,-1,-1,-1,-1,-1,-1.0254,-0.8457,0.8457,1.0254,1,1,1,1,1,1,1,1,1,1,1,1,1,1,1,1,1,1,1.0004,1.0021,0.84417,0.98735,1.0718,1.0131,0.99868,1,1,1,1,1,1,1,1,1,1,1,1,1.022,0.80518,0.63623,1.0366,1,1,1,1,1,1
1,1,1,1,1,1,1.0034,1.0405,-0.48193,-1.062,-1,-1,-1,-1,-1,-1,-1,-1,-1,-1,-1,-1,-0.99998,-0.99826,-1.026,-1.0548,-0.44176,0.10866,-0.090103,-1.0527,-1.0009,-1,-1,-1,-1,-1,-1,-1,-1,-1,-1,-1,-1,-1,-1,-1,-1,-1,-1,-1.0254,-0.8457,0.8457,1.0254,1,1,1,1,1,1,1,1,1,1,1,1,1,1,1,1,1,1,1.0024,1.0488,-0.31386,-0.56546,0.070334,0.98647,1.0438,1.0009,0.99966,1,1,1,1,1,1,1,1,1,1,1.022,0.80518,0.63623,1.0366,1,1,1,1,1,1
1,1,1,1,1,1,1.0034,1.0405,-0.48193,-1.062,-1,-1,-1,-1,-1,-1,-1,-1,-1,-1,-1,-0.99936,-1.0036,-1.083,-0.92499,0.15653,1.027,1.1471,-0.27671,-1.0714,-1.0001,-1,-1,-1,-1,-1,-1,-1,-1,-1,-1,-1,-1,-1,-1,-1,-1,-1,-1,-1.0254,-0.8457,0.8457,1.0254,1,1,1,1,1,1,1,1,1,1,1,1,1,1,1,1,1,1,0.99999,1.0712,0.31358,-1.1281,-1.0893,-0.41964,0.81671,1.0597,1.013,0.99897,0.99999,1,1,1,1,1,1,1,1,1.022,0.80518,0.63623,1.0366,1,1,1,1,1,1
1,1,1,1,1,1,1.0034,1.0405,-0.48193,-1.062,-1,-1,-1,-1,-1,-1,-1,-1,-1,-0.99993,-0.99788,-1.0443,-1.0697,-0.22777,0.67396,1.0805,1.0436,0.77814,-0.86599,-1.0237,-0.99999,-1,-1,-1,-1,-1,-1,-1,-1,-1,-1,-1,-1,-1,-1,-1,-1,-1,-1,-1.0254,-0.8457,0.8457,1.0254,1,1,1,1,1,1,1,1,1,1,1,1,1,1,1,1,1,1,0.99999,1.0235,0.86785,-0.75711,-1.0366,-1.0586,-0.87879,0.074708,1.0243,1.0511,1.0005,0.99972,1,1,1,1,1,1,1,1.022,0.80518,0.63623,1.0366,1,1,1,1,1,1
1,1,1,1,1,1,1.0034,1.0405,-0.48193,-1.062,-1,-1,-1,-1,-1,-1,-1,-0.99977,-0.99922,-1.0486,-1.1065,-0.71982,0.29056,1.0354,1.055,0.99902,1.0771,0.19484,-1.0819,-0.99979,-1,-1,-1,-1,-1,-1,-1,-1,-1,-1,-1,-1,-1,-1,-1,-1,-1,-1,-1,-1.0254,-0.8457,0.8457,1.0254,1,1,1,1,1,1,1,1,1,1,1,1,1,1,1,1,1,1,1,1.0011,1.0626,-0.45485,-1.0647,-0.99933,-1.0326,-1.0548,-0.47814,0.68116,1.0782,1.0517,1.0017,0.99953,1,1,1,1,1,1.022,0.80518,0.63623,1.0366,1,1,1,1,1,1
1,1,1,1,1,1,1.0034,1.0405,-0.48193,-1.062,-1,-1,-1,-1,-1,-1,-0.99828,-1.0163,-1.0885,-0.61291,0.0045603,0.83574,1.0884,1.0072,0.99894,1,1.0767,0.18762,-1.0864,-1,-1,-1,-1,-1,-1,-1,-1,-1,-1,-1,-1,-1,-1,-1,-1,-1,-1,-1,-1,-1.0254,-0.8457,0.8457,1.0254,1,1,1,1,1,1,1,1,1,1,1,1,1,1,1,1,1,1,0.99999,1.0076,1.0157,-0.55238,-1.0548,-1,-0.99936,-1.0038,-1.0659,-0.91746,-0.30152,0.60044,1.0563,1.0094,0.99925,1,1,1,1,1.022,0.80518,0.63623,1.0366,1,1,1,1,1,1
1,1,1,1,1,1,1.0034,1.0405,-0.48193,-1.062,-1,-1,-1,-1,-1,-0.99748,-1.043,-0.96215,0.10477,0.93028,1.099,1.026,0.99792,0.99996,1,1,1.0215,0.88893,-0.70833,-1.043,-0.99954,-1,-1,-1,-1,-1,-1,-1,-1,-1,-1,-1,-1,-1,-1,-1,-1,-1,-1,-1.0254,-0.8457,0.8457,1.0254,1,1,1,1,1,1,1,1,1,1,1,1,1,1,1,1,1,1,0.99879,1.0766,0.38259,-1.0283,-1.0056,-1,-1,-0.99996,-0.99868,-1.0186,-1.0823,-0.98695,-0.080994,1.0542,1.018,0.99866,1,1,1,1.022,0.80518,0.63623,1.0366,1,1,1,1,1,1
1,1,1,1,1,1,1.0034,1.0405,-0.48193,-1.062,-1,-1,-1,-1,-0.99802,-1.0447,-0.84591,0.41162,1.1009,1.0203,0.99835,0.99998,1,1,1,1,0.99855,1.084,0.28352,-1.0926,-1.0043,-0.99974,-1,-1,-1,-1,-1,-1,-1,-1,-1,-1,-1,-1,-1,-1,-1,-1,-1,-1.0254,-0.8457,0.8457,1.0254,1,1,1,1,1,1,1,1,1,1,1,1,1,1,1,1,1,0.99928,1.0181,1.0122,-0.52492,-1.0625,-0.99926,-1,-1,-1,-1,-0.99998,-0.99877,-1.023,-1.0484,-0.1939,0.99418,1.0128,0.99974,1,1,1.022,0.80518,0.63623,1.0366,1,1,1,1,1,1
1,1,1,1,1,1,1.0034,1.0405,-0.48193,-1.062,-1,-1,-1,-0.99983,-1.021,-0.91815,0.53639,1.1003,0.99987,0.99974,1,1,1,1,1,1,0.99997,1.0101,0.99857,-0.27003,-1.0616,-0.99992,-1,-1,-1,-1,-1,-1,-1,-1,-1,-1,-1,-1,-1,-1,-1,-1,-1,-1.0254,-0.8457,0.8457,1.0254,1,1,1,1,1,1,1,1,1,1,1,1,1,1,1,1,1,1.0043,1.0395,-0.13312,-1.0627,-1.0011,-1,-1,-1,-1,-1,-1,-1,-0.99904,-1.0099,-1.1066,0.051435,1.0775,0.99992,1,1,1.022,0.80518,0.63623,1.0366,1,1,1,1,1,1
1,1,1,1,1,1,1.0034,1.0405,-0.48193,-1.062,-1,-1,-0.99999,-0.99877,-1.0945,-0.09566,1.1058,0.99954,0.99993,1,1,1,1,1,1,1,1,0.99868,1.0344,0.91079,-0.74023,-1.0372,-0.99995,-1,-1,-1,-1,-1,-1,-1,-1,-1,-1,-1,-1,-1,-1,-1,-1,-1.0254,-0.8457,0.8457,1.0254,1,1,1,1,1,1,1,1,1,1,1,1,1,1,1,1,0.99988,1.0544,0.55471,-1.0221,-1.0138,-0.99957,-1,-1,-1,-1,-1,-1,-1,-1,-0.99957,-1.0259,-0.89826,0.76531,1.0458,0.99904,1,1.022,0.80518,0.63623,1.0366,1,1,1,1,1,1
1,1,1,1,1,1,1.0034,1.0405,-0.48193,-1.062,-1,-1,-0.99897,-1.0541,-0.65404,0.90294,1.0223,0.99979,1,1,1,1,1,1,1,1,0.9997,1.0029,1.0204,1.0908,-0.026805,-1.0792,-1.0003,-1,-1,-1,-1,-1,-1,-1,-1,-1,-1,-1,-1,-1,-1,-1,-1,-1.0254,-0.8457,0.8457,1.0254,1,1,1,1,1,1,1,1,1,1,1,1,1,1,1,1,1.001,1.0732,-0.14722,-1.0956,-1.0157,-0.99854,-1,-1,-1,-1,-1,-1,-1,-1,-1,-0.99901,-1.0695,-0.30675,1.031,1.0073,0.99996,1.022,0.80518,0.63623,1.0366,1,1,1,1,1,1
1,1,1,1,1,1,1.0034,1.0405,-0.48193,-1.062,-1,-0.99974,-1.0114,-1.0289,0.44318,1.0762,0.99824,1,1,1,1,1,1,1,1,1,1.0024,0.9766,0.81939,1.0708,0.45616,-1.0483,-1.0027,-1,-1,-1,-1,-1,-1,-1,-1,-1,-1,-1,-1,-1,-1,-1,-1,-1.0254,-0.8457,0.8457,1.0254,1,1,1,1,1,1,1,1,1,1,1,1,1,1,1,1,1.0026,1.0473,-0.49329,-0.98455,-0.85213,-1.0129,-1,-1,-1,-1,-1,-1,-1,-1,-1,-0.99992,-1.0063,-1.057,0.32621,1.0779,0.99858,1.022,0.80518,0.63623,1.0366,1,1,1,1,1,1
1,1,1,1,1,1,1.0034,1.0405,-0.48193,-1.062,-1,-0.99996,-1.0746,-0.001404,1.0648,1.0028,0.99996,1,1,1,1,1,1,1,1,1,1.0188,0.83755,-0.021766,1.0704,0.54199,-1.0301,-1.0055,-0.99999,-1,-1,-1,-1,-1,-1,-1,-1,-1,-1,-1,-1,-1,-1,-1,-1.0254,-0.8457,0.8457,1.0254,1,1,1,1,1,1,1,1,1,1,1,1,1,1,1,0.99999,1.01,0.99538,-0.66663,-0.5972,-0.31626,-1.0586,-1,-1,-1,-1,-1,-1,-1,-1,-1,-1,-0.99916,-1.0445,-0.73743,0.89364,1.0246,1.0218,0.80518,0.63623,1.0366,1,1,1,1,1,1
1,1,1,1,1,1,1.0034,1.0405,-0.48193,-1.062,-0.99996,-1.037,-0.71139,0.89817,1.0287,0.99942,1,1,1,1,1,1,1,1,1,1,1.0007,0.99421,0.96728,1.0185,0.91018,-0.68682,-1.0423,-0.99972,-1,-1,-1,-1,-1,-1,-1,-1,-1,-1,-1,-1,-1,-1,-1,-1.0254,-0.8457,0.8457,1.0254,1,1,1,1,1,1,1,1,1,1,1,1,1,1,1,0.99929,1.0624,0.48083,-0.99428,-0.99694,-1.0005,-1.0006,-1,-1,-1,-1,-1,-1,-1,-1,-1,-1,-1,-0.99996,-1.0793,0.045855,1.0677,1.0224,0.80518,0.63623,1.0366,1,1,1,1,1,1
1,1,1,1,1,1,1.0034,1.0405,-0.48193,-1.062,-0.99982,-1.0875,0.019879,1.0976,0.99858,1,1,1,1,1,1,1,1,1,1,1,0.99986,1.0012,1.0073,0.99912,1.0718,0.38445,-1.0392,-1.004,-1,-1,-1,-1,-1,-1,-1,-1,-1,-1,-1,-1,-1,-1,-1,-1.0254,-0.8457,0.8457,1.0254,1,1,1,1,1,1,1,1,1,1,1,1,1,1,1,1.0083,1.0028,-0.49719,-1.0672,-1.0021,-1.0031,-0.99968,-1,-1,-1,-1,-1,-1,-1,-1,-1,-1,-1,-0.99974,-1.0555,-0.60625,1.0116,1.0296,0.80518,0.63623,1.0366,1,1,1,1,1,1
1,1,1,1,1,1,1.0034,1.0405,-0.48193,-1.0619,-1.0044,-1.0597,0.45379,1.0634,0.99996,1,1,1,1,1,1,1,1,1,1,1,1,1,1,0.99995,1.0263,0.8647,-0.85325,-1.0245,-1,-1,-1,-1,-1,-1,-1,-1,-1,-1,-1,-1,-1,-1,-1,-1.0254,-0.8457,0.8457,1.0254,1,1,1,1,1,1,1,1,1,1,1,1,1,1,1,1.0255,0.84393,-0.88582,-1.0248,-0.99994,-1,-1,-1,-1,-1,-1,-1,-1,-1,-1,-1,-1,-1,-1,-1.02,-0.89974,0.71791,1.0682,0.8042,0.63623,1.0366,1,1,1,1,1,1
1,1,1,1,1,1,1.0034,1.0405,-0.48193,-1.0622,-1.0651,-0.20629,0.99171,1.0095,1,1,1,1,1,1,1,1,1,1,1,1,1,1,1,0.99784,1.0809,0.47596,-0.9821,-1.0108,-1,-1,-1,-1,-1,-1,-1,-1,-1,-1,-1,-1,-1,-1,-1,-1.0254,-0.8457,0.8457,1.0254,1,1,1,1,1,1,1,1,1,1,1,1,1,1,1,1.0045,1.0393,-0.19709,-1.0924,-0.99806,-1,-1,-1,-1,-1,-1,-1,-1,-1,-1,-1,-1,-1,-1,-1,-1.0581,-0.42236,1.0155,0.81458,0.63623,1.0366,1,1,1,1,1,1
1,1,1,1,1,1,1.0034,1.0405,-0.48193,-1.0667,-1.0322,0.52177,1.0734,0.99867,1,1,1,1,1,1,1,1,1,1,1,1,1,1,0.99784,1.0435,0.89402,-0.57542,-1.0599,-0.999,-1,-1,-1,-1,-1,-1,-1,-1,-1,-1,-1,-1,-1,-1,-1,-1.0254,-0.8457,0.8457,1.0254,1,1,1,1,1,1,1,1,1,1,1,1,1,1,1,0.99942,1.0425,0.7486,-0.83464,-1.0626,-0.99775,-0.99998,-1,-1,-1,-1,-1,-1,-1,-1,-1,-1,-1,-1,-0.99989,-1.0225,-0.89673,0.83478,0.83414,0.63623,1.0366,1,1,1,1,1,1
1,1,1,1,1,1,1.0034,1.0405,-0.48193,-1.087,-0.8475,0.82849,1.0272,1,1,1,1,1,1,1,1,1,1,1,0.99841,1.0119,1.0773,1.0636,1.0984,0.90968,-0.53914,-1.0705,-0.99816,-1,-1,-1,-1,-1,-1,-1,-1,-1,-1,-1,-1,-1,-1,-1,-1,-1.0254,-0.8457,0.8457,1.0254,1,1,1,1,1,1,1,1,1,1,1,1,1,1,1,1,0.99797,1.0672,0.5477,-0.79126,-1.1032,-1.0802,-1.0698,-1.0054,-0.99909,-1,-1,-1,-1,-1,-1,-1,-1,-1,-1,-1.005,-1.0272,0.51483,0.86523,0.63623,1.0366,1,1,1,1,1,1
1,1,1,1,1,1,1.0034,1.0405,-0.48193,-1.1188,-0.54227,1.0188,1.0059,1,1,1,1,1,1,1,1,1,1,1,1.0158,0.88194,0.20385,0.43178,0.28732,-0.56221,-1.0701,-0.99917,-0.99989,-1,-1,-1,-1,-1,-1,-1,-1,-1,-1,-1,-1,-1,-1,-1,-1,-1.0254,-0.8457,0.8457,1.0254,1,1,1,1,1,1,1,1,1,1,1,1,1,1,1,1,0.99993,0.99832,1.0645,0.78065,-0.13321,-0.15023,-0.012207,-0.9602,-1.0097,-1,-1,-1,-1,-1,-1,-1,-1,-1,-1,-1.0002,-1.0826,0.078644,0.88853,0.63623,1.0366,1,1,1,1,1,1
1,1,1,1,1,1,1.0034,1.0405,-0.48193,-1.1319,-0.33013,1.0578,1.002,1,1,1,1,1,1,1,1,1,1,1,1.0188,0.8925,-0.40398,-1.0518,-1.1137,-1.0496,-0.99794,-0.99986,-1,-1,-1,-1,-1,-1,-1,-1,-1,-1,-1,-1,-1,-1,-1,-1,-1,-1.0254,-0.8457,0.8457,1.0254,1,1,1,1,1,1,1,1,1,1,1,1,1,1,1,1,1,0.99991,0.99697,1.0399,1.1614,0.82471,-0.19522,-0.98257,-1.0066,-1,-1,-1,-1,-1,-1,-1,-1,-1,-1,-0.99994,-1.0868,0.013141,0.89155,0.63623,1.0366,1,1,1,1,1,1
1,1,1,1,1,1,1.0034,1.0405,-0.48193,-1.1487,0.014623,1.0873,0.9999,1,1,1,1,1,1,1,1,1,1,1,0.99833,1.0197,1.047,0.42726,-0.72111,-1.077,-1.0188,-0.99867,-0.99998,-1,-1,-1,-1,-1,-1,-1,-1,-1,-1,-1,-1,-1,-1,-1,-1,-1.0254,-0.8457,0.8457,1.0254,1,1,1,1,1,1,1,1,1,1,1,1,1,1,1,1,0.99966,1.0003,1.0476,1.0429,0.18725,-0.86668,-1.0855,-1.0037,-0.99932,-1,-1,-1,-1,-1,-1,-1,-1,-1,-1,-1,-1.0859,0.021973,0.89111,0.63623,1.0366,1,1,1,1,1,1
1,1,1,1,1,1,1.0034,1.0405,-0.48193,-1.148,0.00027708,1.086,1,1,1,1,1,1,1,1,1,1,1,1,1,0.99928,1.0053,1.0688,0.91458,-0.013823,-0.96196,-1.0859,-1.0193,-0.99809,-1,-1,-1,-1,-1,-1,-1,-1,-1,-1,-1,-1,-1,-1,-1,-1.0254,-0.8457,0.8457,1.0254,1,1,1,1,1,1,1,1,1,1,1,1,1,1,0.99999,0.99746,1.0311,1.0826,0.72299,-0.36039,-1.0578,-1.0323,-0.99842,-0.99995,-1,-1,-1,-1,-1,-1,-1,-1,-1,-1,-1,-1,-1.0863,0.029835,0.89185,0.63617,1.0366,1,1,1,1,1,1
1,1,1,1,1,1,1.0034,1.0405,-0.48193,-1.1479,0,1.0859,1,1,1,1,1,1,1,1,1,1,1,1,1,1,0.99994,0.9987,1.025,1.0693,0.63929,-0.24812,-0.91754,-1.0418,-0.99756,-1,-1,-1,-1,-1,-1,-1,-1,-1,-1,-1,-1,-1,-1,-1.0254,-0.8457,0.8457,1.0254,1,1,1,1,1,1,1,1,1,1,1,1,1,0.99999,0.99778,1.0494,0.83202,-0.17964,-0.87861,-1.079,-1.0037,-0.99936,-1,-1,-1,-1,-1,-1,-1,-1,-1,-1,-1,-1,-1,-1,-1.0833,-0.03068,0.88615,0.6366,1.0366,1,1,1,1,1,1
1,1,1,1,1,1,1.0034,1.0405,-0.48193,-1.1479,0,1.0859,1,1,1,1,1,1,1,1,1,1,1,1,1,1,1,1,0.9996,1.001,1.0482,1.1064,0.45404,-0.87391,-1.0454,-0.99793,-1,-1,-1,-1,-1,-1,-1,-1,-1,-1,-1,-1,-1,-1.0254,-0.8457,0.8457,1.0254,1,1,1,1,1,1,1,1,1,1,1,1,1,0.99818,1.044,0.86109,-0.60852,-1.1128,-1.025,-0.99826,-0.99998,-1,-1,-1,-1,-1,-1,-1,-1,-1,-1,-1,-1,-1,-1,-1,-1.063,-0.4402,0.84756,0.63951,1.0366,1,1,1,1,1,1
1,1,1,1,1,1,1.0034,1.0405,-0.48193,-1.1479,0,1.0859,1,1,1,1,1,1,1,1,1,1,1,1,1,1,1,1,1,1,0.99976,0.99979,1.0929,0.50489,-0.91639,-1.0258,-0.99934,-1,-1,-1,-1,-1,-1,-1,-1,-1,-1,-1,-1,-1.0254,-0.8457,0.8457,1.0254,1,1,1,1,1,1,1,1,1,1,1,1,0.99934,1.0317,0.86426,-0.60179,-1.0728,-0.99818,-0.99996,-1,-1,-1,-1,-1,-1,-1,-1,-1,-1,-1,-1,-1,-1,-1,-1,-1,-1.0624,-0.45298,0.84636,0.6396,1.0366,1,1,1,1,1,1
1,1,1,1,1,1,1.0034,1.0405,-0.48193,-1.1482,0.0060292,1.0865,0.99996,1,1,1,1,1,1,1,1,1,1,1,1,1,1,1,1,1,1,0.99991,0.99921,1.1052,0.15108,-1.0714,-1.0036,-0.99993,-1,-1,-1,-1,-1,-1,-1,-1,-1,-1,-1,-1.0254,-0.8457,0.8457,1.0254,1,1,1,1,1,1,1,1,1,1,1,0.99996,1.0036,1.0658,-0.14997,-1.1023,-0.9995,-0.99991,-1,-1,-1,-1,-1,-1,-1,-1,-1,-1,-1,-1,-1,-1,-1,-1,-1,-1,-1.0825,-0.048252,0.8845,0.63673,1.0366,1,1,1,1,1,1
1,1,1,1,1,1,1.0034,1.0405,-0.48193,-1.1461,-0.03684,1.0825,1.0003,1,1,1,1,1,1,1,1,1,1,1,1,1,1,1,1,1,1,1,0.99983,1.0083,1.0413,-0.27994,-1.0815,-0.99856,-1,-1,-1,-1,-1,-1,-1,-1,-1,-1,-1,-1.0254,-0.8457,0.8457,1.0254,1,1,1,1,1,1,1,1,1,1,1,0.99818,1.0786,0.4138,-1.0299,-1.0092,-0.99983,-1,-1,-1,-1,-1,-1,-1,-1,-1,-1,-1,-1,-1,-1,-1,-1,-1,-1,-0.99997,-1.0868,0.028019,0.89223,0.63616,1.0366,1,1,1,1,1,1
1,1,1,1,1,1,1.0034,1.0405,-0.48193,-1.126,-0.44348,1.0449,1.0031,1,1,1,1,1,1,1,1,1,1,1,1,1,1,1,1,1,1,1,1,0.99899,1.0426,0.78339,-0.83857,-1.0331,-0.99942,-1,-1,-1,-1,-1,-1,-1,-1,-1,-1,-1.0254,-0.8457,0.8457,1.0254,1,1,1,1,1,1,1,1,1,1,0.99986,1.0234,0.88325,-0.67807,-1.0515,-0.99905,-1,-1,-1,-1,-1,-1,-1,-1,-1,-1,-1,-1,-1,-1,-1,-1,-1,-1,-1,-1.0001,-1.0843,0.038856,0.89028,0.63623,1.0366,1,1,1,1,1,1
1,1,1,1,1,1,1.0034,1.0405,-0.48193,-1.1228,-0.49665,1.0353,1.004,1,1,1,1,1,1,1,1,1,1,1,1,1,1,1,1,1,1,1,1,1,0.99885,1.079,0.30381,-1.0492,-1.0036,-0.99999,-1,-1,-1,-1,-1,-1,-1,-1,-1,-1.0254,-0.8457,0.8457,1.0254,1,1,1,1,1,1,1,1,1,0.99999,0.99884,1.0954,-0.1089,-1.0965,-0.99851,-1,-1,-1,-1,-1,-1,-1,-1,-1,-1,-1,-1,-1,-1,-1,-1,-1,-1,-1,-1,-1.0029,-1.0466,0.44205,0.87029,0.63623,1.0366,1,1,1,1,1,1
1,1,1,1,1,1,1.0034,1.0405,-0.48193,-1.1028,-0.69385,0.93826,1.0151,1,1,1,1,1,1,1,1,1,1,1,1,1,1,1,1,1,1,1,1,1,0.99986,1.014,0.98265,-0.62449,-1.0606,-0.99865,-1,-1,-1,-1,-1,-1,-1,-1,-1,-1.0254,-0.8457,0.8457,1.0254,1,1,1,1,1,1,1,1,1,0.99973,1.0319,0.78706,-0.78163,-1.0348,-0.99986,-1,-1,-1,-1,-1,-1,-1,-1,-1,-1,-1,-1,-1,-1,-1,-1,-1,-1,-1,-1,-1.0027,-1.0468,0.50397,0.86765,0.63623,1.0366,1,1,1,1,1,1
1,1,1,1,1,1,1.0034,1.0405,-0.48193,-1.0793,-0.91447,0.70124,1.0411,0.99998,1,1,1,1,1,1,1,1,1,1,1,1,1,1,1,1,1,1,1,1,1,0.99905,1.0571,0.53194,-0.97063,-1.015,-0.99992,-1,-1,-1,-1,-1,-1,-1,-1,-1.0254,-0.8457,0.8457,1.0254,1,1,1,1,1,1,1,1,1,1.0016,1.0689,-0.35814,-1.0856,-0.99801,-1,-1,-1,-1,-1,-1,-1,-1,-1,-1,-1,-1,-1,-1,-1,-1,-1,-1,-1,-1,-1,-1.021,-0.88838,0.78407,0.83884,0.63623,1.0366,1,1,1,1,1,1
1,1,1,1,1,1,1.0034,1.0405,-0.48193,-1.0618,-1.0829,0.13319,1.0793,1,1,1,1,1,1,1,1,1,1,1,1,1,1,1,1,1,1,1,1,1,1,0.99996,1.0026,1.0705,-0.25069,-1.0683,-0.99977,-1,-1,-1,-1,-1,-1,-1,-1,-1.0254,-0.8457,0.8457,1.0254,1,1,1,1,1,1,1,1,0.99988,1.0435,0.6565,-0.91321,-1.0198,-0.99995,-1,-1,-1,-1,-1,-1,-1,-1,-1,-1,-1,-1,-1,-1,-1,-1,-1,-1,-1,-1,-0.99999,-1.0627,-0.43734,1.0598,0.80932,0.63623,1.0366,1,1,1,1,1,1
1,1,1,1,1,1,1.0032,1.0426,-0.47801,-1.0623,-1.0692,-0.40399,1.0575,1.0019,1,1,1,1,1,1,1,1,1,1,1,1,1,1,1,1,1,1,1,1,1,1,0.9995,1.0561,0.61413,-0.99019,-1.0094,-1,-1,-1,-1,-1,-1,-1,-1,-1.0254,-0.8457,0.8457,1.0254,1,1,1,1,1,1,1,1,1.0004,1.0786,-0.15799,-1.0926,-0.99854,-1,-1,-1,-1,-1,-1,-1,-1,-1,-1,-1,-1,-1,-1,-1,-1,-1,-1,-1,-1,-1,-0.99972,-1.0889,-0.010363,1.1112,0.80486,0.63623,1.0366,1,1,1,1,1,1
1,1,1,1,1,1,1.0048,1.0286,-0.50429,-1.0598,-1.0434,-0.67261,0.96221,1.0131,1,1,1,1,1,1,1,1,1,1,1,1,1,1,1,1,1,1,1,1,1,1,1,1.0185,0.9098,-0.75006,-1.0353,-1,-1,-1,-1,-1,-1,-1,-1,-1.0254,-0.8457,0.8457,1.0254,1,1,1,1,1,1,1,1,1.0088,0.9923,-0.59178,-1.0523,-0.99998,-1,-1,-1,-1,-1,-1,-1,-1,-1,-1,-1,-1,-1,-1,-1,-1,-1,-1,-1,-1,-1,-1.0031,-1.048,0.39168,1.088,0.80516,0.63623,1.0366,1,1,1,1,1,1
1,1,1,1,1,1,1.0234,0.8637,-0.8121,-1.0288,-1.0078,-1.006,0.49529,1.0565,0.99999,1,1,1,1,1,1,1,1,1,1,1,1,1,1,1,1,1,1,1,1,1,1,1.0029,1.0465,-0.48306,-1.0657,-0.99979,-1,-1,-1,-1,-1,-1,-1,-1.0254,-0.8457,0.8457,1.0254,1,1,1,1,1,1,1,1,1.0258,0.85165,-0.85567,-1.0243,-1,-1,-1,-1,-1,-1,-1,-1,-1,-1,-1,-1,-1,-1,-1,-1,-1,-1,-1,-1,-1,-1,-1.0302,-0.79652,0.86177,1.046,0.80518,0.63623,1.0366,1,1,1,1,1,1
1,1,1,1,1,1,1.0257,0.8429,-0.85093,-1.0249,-0.99926,-1.0926,-0.0079815,1.0875,0.99996,1,1,1,1,1,1,1,1,1,1,1,1,1,1,1,1,1,1,1,1,1,1,1.0005,1.0714,0.09813,-1.0678,-1.0011,-1,-1,-1,-1,-1,-1,-1,-1.0254,-0.8457,0.8457,1.0254,1,1,1,1,1,1,1,0.99983,1.0673,0.38602,-1.0298,-1.0054,-1,-1,-1,-1,-1,-1,-1,-1,-1,-1,-1,-1,-1,-1,-1,-1,-1,-1,-1,-1,-1,-0.99996,-1.0626,-0.48883,1.0451,1.025,0.80518,0.63623,1.0366,1,1,1,1,1,1
1,1,1,1,1,1,1.0254,0.8457,-0.8457,-1.0254,-0.99998,-1.0683,-0.37363,1.0578,1.0019,1,1,1,1,1,1,1,1,1,1,1,1,1,1,1,1,1,1,1,1,1,1,0.99993,1.0336,0.7931,-0.89774,-1.0199,-1,-1,-1,-1,-1,-1,-1,-1.0254,-0.8457,0.8457,1.0254,1,1,1,1,1,1,1,1.0013,1.0679,-0.27723,-1.0796,-0.99942,-1,-1,-1,-1,-1,-1,-1,-1,-1,-1,-1,-1,-1,-1,-1,-1,-1,-1,-1,-1,-1,-0.99968,-1.0828,-0.070877,1.0765,1.0226,0.80518,0.63623,1.0366,1,1,1,1,1,1
1,1,1,1,1,1,1.0254,0.8457,-0.8457,-1.0254,-1,-1.0341,-0.76461,0.88564,1.0207,1,1,1,1,1,1,1,1,1,1,1,1,1,1,1,1,1,1,1,1,1,1,1,1.0084,0.99832,-0.57034,-1.0542,-0.99993,-1,-1,-1,-1,-1,-1,-1.0254,-0.8457,0.8457,1.0254,1,1,1,1,1,1,1,1.0181,0.91134,-0.75825,-1.0353,-1,-1,-1,-1,-1,-1,-1,-1,-1,-1,-1,-1,-1,-1,-1,-1,-1,-1,-1,-1,-1,-1,-1.0077,-1.0043,0.53308,1.0575,1.0219,0.80518,0.63623,1.0366,1,1,1,1,1,1
1,1,1,1,1,1,1.0254,0.8457,-0.8457,-1.0254,-1,-1.0051,-1.026,0.5384,1.0572,1,1,1,1,1,1,1,1,1,1,1,1,1,1,1,1,1,1,1,1,1,1,1,0.99972,1.0831,0.020144,-1.0778,-1.0005,-1,-1,-1,-1,-1,-1,-1.0254,-0.8457,0.8457,1.0254,1,1,1,1,1,1,0.99999,1.0489,0.62489,-0.98186,-1.0101,-1,-1,-1,-1,-1,-1,-1,-1,-1,-1,-1,-1,-1,-1,-1,-1,-1,-1,-1,-1,-1,-1,-1.024,-0.85961,0.84519,1.0258,1.022,0.80518,0.63623,1.0366,1,1,1,1,1,1
1,1,1,1,1,1,1.0254,0.8457,-0.8457,-1.0254,-1,-1.002,-1.0585,0.34378,1.0712,0.9999,1,1,1,1,1,1,1,1,1,1,1,1,1,1,1,1,1,1,1,1,1,1,0.99994,1.0643,0.47058,-1.0491,-1.0026,-1,-1,-1,-1,-1,-1,-1.0254,-0.8457,0.8457,1.0254,1,1,1,1,1,1,0.99993,1.0779,0.20348,-1.0742,-1.0006,-1,-1,-1,-1,-1,-1,-1,-1,-1,-1,-1,-1,-1,-1,-1,-1,-1,-1,-1,-1,-1,-1,-1.0456,-0.6519,0.95641,1.0129,1.022,0.80518,0.63623,1.0366,1,1,1,1,1,1
1,1,1,1,1,1,1.0254,0.8457,-0.8457,-1.0254,-1,-0.9999,-1.082,-0.12313,1.0773,1.0007,1,1,1,1,1,1,1,1,1,1,1,1,1,1,1,1,1,1,1,1,1,1,1,1.0334,0.76631,-0.87728,-1.0216,-1,-1,-1,-1,-1,-1,-1.0254,-0.8457,0.8457,1.0254,1,1,1,1,1,1,1.0018,1.0597,-0.36783,-1.0712,-0.99986,-1,-1,-1,-1,-1,-1,-1,-1,-1,-1,-1,-1,-1,-1,-1,-1,-1,-1,-1,-1,-1,-0.99998,-1.0693,-0.35886,1.0592,1.0017,1.022,0.80518,0.63623,1.0366,1,1,1,1,1,1
1,1,1,1,1,1,1.0254,0.8457,-0.8457,-1.0254,-1,-1,-1.0613,-0.49252,1.0383,1.0037,1,1,1,1,1,1,1,1,1,1,1,1,1,1,1,1,1,1,1,1,1,1,1,1.0048,1.0286,-0.53323,-1.0578,-1,-1,-1,-1,-1,-1,-1.0254,-0.8457,0.8457,1.0254,1,1,1,1,1,1,1.0182,0.90882,-0.74114,-1.0367,-1,-1,-1,-1,-1,-1,-1,-1,-1,-1,-1,-1,-1,-1,-1,-1,-1,-1,-1,-1,-1,-1,-1,-1.0856,0.012376,1.0862,0.99996,1.022,0.80518,0.63623,1.0366,1,1,1,1,1,1
1,1,1,1,1,1,1.0254,0.8457,-0.8457,-1.0254,-1,-1,-1.0317,-0.7844,0.88228,1.0213,1,1,1,1,1,1,1,1,1,1,1,1,1,1,1,1,1,1,1,1,1,1,1,1.0019,1.0596,-0.33948,-1.0724,-0.99985,-1,-1,-1,-1,-1,-1.0254,-0.8457,0.8457,1.0254,1,1,1,1,1,1,1.0257,0.84313,-0.85649,-1.0243,-1,-1,-1,-1,-1,-1,-1,-1,-1,-1,-1,-1,-1,-1,-1,-1,-1,-1,-1,-1,-1,-1,-1.0022,-1.054,0.39246,1.0672,0.99999,1.022,0.80518,0.63623,1.0366,1,1,1,1,1,1
1,1,1,1,1,1,1.0254,0.8457,-0.8457,-1.0254,-1,-1,-1.0076,-1.004,0.56098,1.0541,1,1,1,1,1,1,1,1,1,1,1,1,1,1,1,1,1,1,1,1,1,1,1,0.99988,1.0752,0.26424,-1.0634,-1.0018,-1,-1,-1,-1,-1,-1.0254,-0.8457,0.8457,1.0254,1,1,1,1,1,1,1.0535,0.56854,-0.99555,-1.0085,-1,-1,-1,-1,-1,-1,-1,-1,-1,-1,-1,-1,-1,-1,-1,-1,-1,-1,-1,-1,-1,-1,-1.009,-0.99031,0.5846,1.0522,1,1.022,0.80518,0.63623,1.0366,1,1,1,1,1,1
1,1,1,1,1,1,1.0254,0.8457,-0.8457,-1.0254,-1,-1,-1.0029,-1.0443,0.48994,1.0621,1,1,1,1,1,1,1,1,1,1,1,1,1,1,1,1,1,1,1,1,1,1,1,1,1.061,0.5027,-1.0386,-1.0036,-1,-1,-1,-1,-1,-1.0254,-0.8457,0.8457,1.0254,1,1,1,1,1,1,1.0637,0.45936,-1.0472,-1.0027,-1,-1,-1,-1,-1,-1,-1,-1,-1,-1,-1,-1,-1,-1,-1,-1,-1,-1,-1,-1,-1,-1,-1.0251,-0.84863,0.84911,1.0251,1,1.022,0.80518,0.63623,1.0366,1,1,1,1,1,1
1,1,1,1,1,1,1.0254,0.8457,-0.8457,-1.0254,-1,-1,-1.0022,-1.0565,0.31284,1.0705,1,1,1,1,1,1,1,1,1,1,1,1,1,1,1,1,1,1,1,1,1,1,1,1,1.062,0.48193,-1.0405,-1.0034,-1,-1,-1,-1,-1,-1.0254,-0.8457,0.8457,1.0254,1,1,1,1,1,1,1.0763,0.19428,-1.0676,-1.0014,-1,-1,-1,-1,-1,-1,-1,-1,-1,-1,-1,-1,-1,-1,-1,-1,-1,-1,-1,-1,-1,-1,-1.0301,-0.79915,0.87109,1.0225,1,1.022,0.80518,0.63623,1.0366,1,1,1,1,1,1
1,1,1,1,1,1,1.0254,0.8457,-0.8457,-1.0254,-1,-1,-0.99987,-1.0874,-0.022692,1.0864,1,1,1,1,1,1,1,1,1,1,1,1,1,1,1,1,1,1,1,1,1,1,1,1,1.062,0.48193,-1.0405,-1.0034,-1,-1,-1,-1,-1,-1.0254,-0.8457,0.8457,1.0254,1,1,1,1,1,1,1.0845,0.027951,-1.0833,-1.0002,-1,-1,-1,-1,-1,-1,-1,-1,-1,-1,-1,-1,-1,-1,-1,-1,-1,-1,-1,-1,-1,-1,-1.0605,-0.49845,1.0333,1.0042,1,1.022,0.80518,0.63623,1.0366,1,1,1,1,1,1
1,1,1,1,1,1,1.0254,0.8457,-0.8457,-1.0254,-1,-1,-1,-1.0788,-0.14447,1.0723,1.001,1,1,1,1,1,1,1,1,1,1,1,1,1,1,1,1,1,1,1,1,1,1,1,1.062,0.48193,-1.0405,-1.0034,-1,-1,-1,-1,-1,-1.0254,-0.8457,0.8457,1.0254,1,1,1,1,1,1,1.0638,0.44508,-1.044,-1.0032,-1,-1,-1,-1,-1,-1,-1,-1,-1,-1,-1,-1,-1,-1,-1,-1,-1,-1,-1,-1,-1,-1,-1.0631,-0.4622,1.0436,1.0031,1,1.022,0.80518,0.63623,1.0366,1,1,1,1,1,1
1,1,1,1,1,1,1.0254,0.8457,-0.8457,-1.0254,-1,-1,-1,-1.0669,-0.40028,1.055,1.002,1,1,1,1,1,1,1,1,1,1,1,1,1,1,1,1,1,1,1,1,1,1,1,1.062,0.48193,-1.0405,-1.0034,-1,-1,-1,-1,-1,-1.0254,-0.8457,0.8457,1.0254,1,1,1,1,1,1,1.0617,0.48796,-1.04,-1.0035,-1,-1,-1,-1,-1,-1,-1,-1,-1,-1,-1,-1,-1,-1,-1,-1,-1,-1,-1,-1,-1,-0.99988,-1.0845,-0.077784,1.081,1.0004,1,1.022,0.80518,0.63623,1.0366,1,1,1,1,1,1
1,1,1,1,1,1,1.0254,0.8457,-0.8457,-1.0254,-1,-1,-1,-1.0408,-0.69755,0.92895,1.016,1,1,1,1,1,1,1,1,1,1,1,1,1,1,1,1,1,1,1,1,1,1,1,1.061,0.5026,-1.0386,-1.0036,-1,-1,-1,-1,-1,-1.0254,-0.8457,0.8457,1.0254,1,1,1,1,1,1,1.062,0.48193,-1.0405,-1.0034,-1,-1,-1,-1,-1,-1,-1,-1,-1,-1,-1,-1,-1,-1,-1,-1,-1,-1,-1,-1,-1,-1.001,-1.0727,0.15397,1.0796,0.99994,1,1.022,0.80518,0.63623,1.0366,1,1,1,1,1,1
1,1,1,1,1,1,1.0254,0.8457,-0.8457,-1.0254,-1,-1,-1,-1.0248,-0.85296,0.85241,1.0248,1,1,1,1,1,1,1,1,1,1,1,1,1,1,1,1,1,1,1,1,1,1,1,1.0736,0.24761,-1.0626,-1.0018,-1,-1,-1,-1,-1,-1.0254,-0.8457,0.8457,1.0254,1,1,1,1,1,1,1.0622,0.47993,-1.0416,-1.0033,-1,-1,-1,-1,-1,-1,-1,-1,-1,-1,-1,-1,-1,-1,-1,-1,-1,-1,-1,-1,-1,-1.0026,-1.0471,0.4817,1.0628,1,1,1.022,0.80518,0.63623,1.0366,1,1,1,1,1,1
1,1,1,1,1,1,1.0254,0.8457,-0.8457,-1.0254,-1,-1,-1,-1.0166,-0.9238,0.70636,1.0398,1,1,1,1,1,1,1,1,1,1,1,1,1,1,1,1,1,1,1,1,1,1,1,1.087,-0.020737,-1.0879,-0.99985,-1,-1,-1,-1,-1,-1.0254,-0.8457,0.8457,1.0254,1,1,1,1,1,1,1.0602,0.49997,-1.0309,-1.0045,-1,-1,-1,-1,-1,-1,-1,-1,-1,-1,-1,-1,-1,-1,-1,-1,-1,-1,-1,-1,-1,-1.0122,-0.96259,0.62892,1.0472,1,1,1.022,0.80518,0.63623,1.0366,1,1,1,1,1,1
1,1,1,1,1,1,1.0254,0.8457,-0.8457,-1.0254,-1,-1,-1,-1.0021,-1.0535,0.41426,1.0661,1,1,1,1,1,1,1,1,1,1,1,1,1,1,1,1,1,1,1,1,1,1,1,1.0859,0,-1.0859,-1,-1,-1,-1,-1,-1,-1.0254,-0.8457,0.8457,1.0254,1,1,1,1,1,1,1.0434,0.66688,-0.94147,-1.0146,-1,-1,-1,-1,-1,-1,-1,-1,-1,-1,-1,-1,-1,-1,-1,-1,-1,-1,-1,-1,-1,-1.027,-0.83111,0.86423,1.0235,1,1,1.022,0.80518,0.63623,1.0366,1,1,1,1,1,1
1,1,1,1,1,1,1.0254,0.8457,-0.8457,-1.0254,-1,-1,-1,-1.0001,-1.0849,0.011195,1.0854,1,1,1,1,1,1,1,1,1,1,1,1,1,1,1,1,1,1,1,1,1,1,0.99998,1.0862,0.003194,-1.0861,-1,-1,-1,-1,-1,-1,-1.0254,-0.8457,0.8457,1.0254,1,1,1,1,1,1,1.064,0.46232,-1.051,-1.0022,-1,-1,-1,-1,-1,-1,-1,-1,-1,-1,-1,-1,-1,-1,-1,-1,-1,-1,-1,-1,-1,-1.0444,-0.65721,0.94665,1.014,1,1,1.022,0.80518,0.63623,1.0366,1,1,1,1,1,1
1,1,1,1,1,1,1.0254,0.8457,-0.8457,-1.0254,-1,-1,-1,-0.99977,-1.0853,0.071231,1.0831,1,1,1,1,1,1,1,1,1,1,1,1,1,1,1,1,1,1,1,1,1,1,1.0001,1.0849,-0.011418,-1.0854,-1,-1,-1,-1,-1,-1,-1.0254,-0.8457,0.8457,1.0254,1,1,1,1,1,1,1.0462,0.63884,-0.95649,-1.0129,-1,-1,-1,-1,-1,-1,-1,-1,-1,-1,-1,-1,-1,-1,-1,-1,-1,-1,-1,-1,-1,-1.0266,-0.83463,0.86195,1.0237,1,1,1.022,0.80518,0.63623,1.0366,1,1,1,1,1,1
1,1,1,1,1,1,1.0254,0.8457,-0.8457,-1.0254,-1,-1,-1,-1.01,-0.98391,0.60178,1.0499,1,1,1,1,1,1,1,1,1,1,1,1,1,1,1,1,1,1,1,1,1,1,1.003,1.0466,-0.41774,-1.0652,-1,-1,-1,-1,-1,-1,-1.0254,-0.8457,0.8457,1.0254,1,1,1,1,1,1,1.0234,0.86564,-0.83503,-1.0266,-1,-1,-1,-1,-1,-1,-1,-1,-1,-1,-1,-1,-1,-1,-1,-1,-1,-1,-1,-1,-1,-1.0118,-0.96555,0.63979,1.0472,1,1,1.022,0.80518,0.63623,1.0366,1,1,1,1,1,1
1,1,1,1,1,1,1.0254,0.8457,-0.8457,-1.0254,-1,-1,-0.99927,-1.0451,-0.76767,0.91532,1.0179,1,1,1,1,1,1,1,1,1,1,1,1,1,1,1,1,1,1,1,1,1,1,1.0032,1.0452,-0.48648,-1.0733,-0.99901,-1,-1,-1,-1,-1,-1.0254,-0.8457,0.8457,1.0254,1,1,1,1,1,0.99997,1.0275,0.84215,-0.85886,-1.0239,-1,-1,-1,-1,-1,-1,-1,-1,-1,-1,-1,-1,-1,-1,-1,-1,-1,-1,-1,-1,-1,-1.0007,-1.0755,0.24215,1.1213,1.0004,0.99974,1.022,0.80518,0.63623,1.0366,1,1,1,1,1,1
1,1,1,1,1,1,1.0254,0.8457,-0.8457,-1.0254,-1,-0.9983,-1.02,-1.0578,-0.24938,1.0477,1.0022,1,1,1,1,1,1,1,1,1,1,1,1,1,1,1,1,1,1,1,1,1,1,1.0003,1.0633,0.26793,-1.0663,-1.0875,-1.0781,-1.0791,-1.0792,-1.0799,-1.0507,-1.0666,-0.87436,0.88326,1.0668,1.0421,1.0234,1.0234,1.0421,1.0403,1.0441,1.1453,0.29168,-1.048,-1.0035,-1,-1,-1,-1,-1,-1,-1,-1,-1,-1,-1,-1,-1,-1,-1,-1,-1,-1,-1,-1,-1,-0.99985,-1.0641,-0.36129,0.74728,1.0373,0.99935,1.022,0.80518,0.63623,1.0366,1,1,1,1,1,1
1,1,1,1,1,1,1.0254,0.8457,-0.8457,-1.0254,-1,-1.0208,-0.88717,0.44239,0.97181,1.0082,0.99996,1,1,1,1,1,1,1,1,1,1,1,1,1,1,1,1,1,1,1,1,1,1,0.99996,1.0034,1.0247,0.38572,-0.077214,-0.10829,-0.25116,-0.24299,-0.23436,-0.58818,-0.73578,-0.65083,0.57161,0.72968,0.69638,0.86258,0.86258,0.69638,0.71447,0.69022,0.16132,-0.79848,-1.0302,-0.99958,-1,-1,-1,-1,-1,-1,-1,-1,-1,-1,-1,-1,-1,-1,-1,-1,-1,-1,-1,-1,-1,-1,-0.99869,-1.0379,-0.95186,0.45094,1.0552,1.022,0.80518,0.63623,1.0366,1,1,1,1,1,1
1,1,1,1,1,1,1.0254,0.8457,-0.8457,-1.0254,-1,-1.0757,-0.209,1.113,1.0141,0.99894,0.99989,1.0013,1.0136,0.99932,1,1,1,1,1,1,1,1,1,1,1,1,1,1,1,1,1,1,1,1,0.99934,1.0032,1.064,1.0799,1.0787,1.0796,1.0798,1.0821,0.9855,0.9788,0.7467,-0.83719,-0.97325,-0.96654,-0.77669,-0.77669,-0.96654,-0.95101,-0.96259,-1.0712,-1.0301,-0.9972,-1,-1,-1,-1,-1,-1,-1,-1,-1,-1,-1,-1,-1,-1,-1,-1,-1,-1,-1,-0.99966,-1.0034,-1.0019,-0.99979,-0.99979,-1.0004,-1.0876,-0.42888,1.0517,1.0248,0.80518,0.63623,1.0366,1,1,1,1,1,1
1,1,1,1,1,1,1.0254,0.8457,-0.8457,-1.0254,-1,-1.0873,0.025218,1.0894,0.99969,1,1.0007,0.99053,0.89414,1.0055,0.99998,1,1,1,1,1,1,1,1,1,1,1,1,1,1,1,1,1,1,1,1,1,1,1,1,1,0.99998,0.99973,1.0098,1.0387,0.86338,-0.85345,-1.0394,-1.0117,-1.0326,-1.0326,-1.0117,-1.0134,-1.0122,-1.001,-0.99983,-1,-1,-1,-1,-1,-1,-1,-1,-1,-1,-1,-1,-1,-1,-1,-1,-1,-1,-1,-1,-1.001,-0.98951,-1.0086,-0.9999,-0.99998,-1,-1.0609,-0.50449,1.0384,1.0256,0.80518,0.63623,1.0366,1,1,1,1,1,1
1,1,1,1,1,1,1.0254,0.8457,-0.8457,-1.0254,-1,-1.0881,0.014189,1.162,1.0522,1.0343,1.0473,1.0166,0.52998,1.1023,1.0723,1.0725,1.0726,1.0733,1.043,1.0314,1.0326,1.0338,1.0189,1.0039,1.0051,1.0051,1.0051,1.0047,1.0072,1.0293,1.043,1.0759,1.0832,1.08,1.0723,1.0725,1.0726,1.0733,1.043,1.0314,1.0326,1.0326,1.0326,1.0588,0.8733,-0.8733,-1.0588,-1.0326,-1.0326,-1.0326,-1.0318,-1.0391,-1.0661,-1.0733,-1.0725,-1.0723,-1.08,-1.0833,-1.0793,-1.0521,-1.0321,-1.0189,-1.0039,-1.0051,-1.0047,-1.0072,-1.0305,-1.033,-1.0314,-1.043,-1.0733,-1.0726,-1.0725,-1.0722,-1.0751,-1.1328,-0.60321,-0.58748,-1.1188,-1.0726,-1.0722,-1.1446,-0.44378,1.0516,1.0248,0.80518,0.63623,1.0366,1,1,1,1,1,1
1,1,1,1,1,1,1.0254,0.8457,-0.8457,-1.0254,-1,-1.0359,-0.66919,0.31114,0.57686,0.76337,0.69882,0.0604,-0.64112,0.086003,0.37134,0.3474,0.34666,0.3386,0.66905,0.79495,0.78149,0.77104,0.90309,1.0351,1.0247,1.0247,1.0247,1.0278,1.0059,0.81372,0.68264,0.19923,-0.219,-0.052212,0.3583,0.34832,0.34666,0.3386,0.66905,0.79495,0.78149,0.78149,0.78149,0.80134,0.66091,-0.66091,-0.80134,-0.78149,-0.78149,-0.78149,-0.79018,-0.71134,-0.41756,-0.33871,-0.34832,-0.3583,0.051292,0.23047,-0.059712,-0.58757,-0.7897,-0.90309,-1.0351,-1.0247,-1.0278,-1.0059,-0.80026,-0.77841,-0.79495,-0.66905,-0.3386,-0.34666,-0.3474,-0.36408,-0.20802,0.17565,0.4426,0.62231,-0.32614,-0.35505,-0.36408,-0.24248,0.59981,1.0351,1.022,0.80518,0.63623,1.0366,1,1,1,1,1,1
1,1,1,1,1,1,1.0254,0.8457,-0.8457,-1.0254,-1,-0.99709,-1.031,-1.0797,-0.98497,-0.9116,-0.94729,-1.0547,-1.0496,-1.0762,-1.0685,-1.069,-1.0693,-1.0723,-0.94729,-0.89965,-0.90475,-0.92036,-0.72308,-0.5258,-0.54141,-0.54141,-0.54141,-0.5368,-0.56944,-0.87162,-0.95151,-1.0756,-1.0826,-1.0784,-1.0687,-1.069,-1.0693,-1.0723,-0.94729,-0.89965,-0.90475,-0.90475,-0.90475,-0.92772,-0.76515,0.76515,0.92772,0.90475,0.90475,0.90475,0.90146,0.93129,1.0424,1.0723,1.069,1.0687,1.0784,1.0826,1.0824,0.98632,0.9133,0.72308,0.5258,0.54141,0.5368,0.56944,0.87671,0.90936,0.89965,0.94729,1.0723,1.0693,1.069,1.0686,1.0723,1.0844,1.0587,1.0401,1.072,1.0689,1.0686,1.0757,1.0438,0.99676,1.022,0.80518,0.63623,1.0366,1,1,1,1,1,1
1,1,1,1,1,1,1.0254,0.8457,-0.8457,-1.0254,-1,-0.99999,-1,-0.99962,-1.0096,-1.0177,-1.0138,-1.0019,-0.99973,-1.0002,-1.0004,-1.0004,-1.0004,-1.0001,-1.0138,-1.019,-1.0184,-1.0168,-1.0375,-1.0583,-1.0566,-1.0566,-1.0566,-1.0571,-1.0537,-1.0219,-1.0133,-0.99995,-0.99995,-1.0001,-1.0004,-1.0004,-1.0004,-1.0001,-1.0138,-1.019,-1.0184,-1.0184,-1.0184,-1.0443,-0.86128,0.86128,1.0443,1.0184,1.0184,1.0184,1.0188,1.0155,1.0033,1.0001,1.0004,1.0004,1.0001,0.99997,0.99944,1.0094,1.0175,1.0375,1.0583,1.0566,1.0571,1.0537,1.0214,1.0179,1.019,1.0138,1.0001,1.0004,1.0004,1.0004,1.0003,0.99999,0.99999,1,1.0004,1.0004,1.0004,1.0003,0.99999,1,1.022,0.80518,0.63623,1.0366,1,1,1,1,1,1
1,1,1,1,1,1,1.0254,0.8457,-0.8457,-1.0254,-1,-1,-1,-1,-1,-1,-1,-1,-1,-1,-1,-1,-1,-1,-1,-1,-1,-1,-1,-1,-1,-1,-1,-1,-1,-1,-1,-1,-1,-1,-1,-1,-1,-1,-1,-1,-1,-1,-1,-1.0254,-0.8457,0.8457,1.0254,1,1,1,1,1,1,1,1,1,1,1,1,1,1,1,1,1,1,1,1,1,1,1,1,1,1,1,1,1,1,1,1,1,1,1,1,1,1.022,0.80518,0.63623,1.0366,1,1,1,1,1,1
1,1,1,1,1,1,1.0256,0.8445,-0.86014,-1.0412,-1.0156,-1.0156,-1.0156,-1.0156,-1.0156,-1.0156,-1.0156,-1.0156,-1.0156,-1.0156,-1.0156,-1.0156,-1.0156,-1.0156,-1.0156,-1.0156,-1.0156,-1.0156,-1.0156,-1.0156,-1.0156,-1.0156,-1.0156,-1.0156,-1.0156,-1.0156,-1.0156,-1.0156,-1.0156,-1.0156,-1.0156,-1.0156,-1.0156,-1.0156,-1.0156,-1.0156,-1.0156,-1.0156,-1.0156,-1.0417,-0.85729,0.87866,1.0631,1.037,1.037,1.037,1.037,1.037,1.037,1.037,1.037,1.037,1.037,1.037,1.037,1.037,1.037,1.037,1.037,1.037,1.037,1.037,1.037,1.037,1.037,1.037,1.037,1.037,1.037,1.037,1.037,1.037,1.037,1.037,1.037,1.037,1.037,1.037,1.037,1.037,1.0596,0.83781,0.63624,1.0364,1,1,1,1,1,1
1,1,1,1,1,1,1.0245,0.85111,-0.78104,-0.95444,-0.92994,-0.92994,-0.92994,-0.92994,-0.92994,-0.92994,-0.92994,-0.92994,-0.92994,-0.92994,-0.92994,-0.92994,-0.92994,-0.92994,-0.92994,-0.92994,-0.92994,-0.92994,-0.92994,-0.92994,-0.92994,-0.92994,-0.92994,-0.92994,-0.92994,-0.92994,-0.92994,-0.92994,-0.92994,-0.92994,-0.92994,-0.92994,-0.92994,-0.92994,-0.92994,-0.92994,-0.92994,-0.92994,-0.92994,-0.95007,-0.80757,0.53375,0.67624,0.65611,0.65611,0.65611,0.65611,0.65611,0.65611,0.65611,0.65611,0.65611,0.65611,0.65611,0.65611,0.65611,0.65611,0.65611,0.65611,0.65611,0.65611,0.65611,0.65611,0.65611,0.65611,0.65611,0.65611,0.65611,0.65611,0.65611,0.65611,0.65611,0.65611,0.65611,0.65611,0.65611,0.65611,0.65611,0.65611,0.65611,0.67295,0.49464,0.62244,1.0397,1,1,1,1,1,1
1,1,1,1,1,1,1.0032,0.9804,0.76553,0.74271,0.74593,0.74593,0.74593,0.74593,0.74593,0.74593,0.74593,0.74593,0.74593,0.74593,0.74593,0.74593,0.74593,0.74593,0.74593,0.74593,0.74593,0.74593,0.74593,0.74593,0.74593,0.74593,0.74593,0.74593,0.74593,0.74593,0.74593,0.74593,0.74593,0.74593,0.74593,0.74593,0.74593,0.74593,0.74593,0.74593,0.74593,0.74593,0.74593,0.74605,0.74521,0.73733,0.73649,0.73661,0.73661,0.73661,0.73661,0.73661,0.73661,0.73661,0.73661,0.73661,0.73661,0.73661,0.73661,0.73661,0.73661,0.73661,0.73661,0.73661,0.73661,0.73661,0.73661,0.73661,0.73661,0.73661,0.73661,0.73661,0.73661,0.73661,0.73661,0.73661,0.73661,0.73661,0.73661,0.73661,0.73661,0.73661,0.73661,0.73661,0.73606,0.73218,0.93347,1.008,1,1,1,1,1,1
1,1,1,1,1,1,0.99953,1.0028,1.0338,1.0371,1.0367,1.0367,1.0367,1.0367,1.0367,1.0367,1.0367,1.0367,1.0367,1.0367,1.0367,1.0367,1.0367,1.0367,1.0367,1.0367,1.0367,1.0367,1.0367,1.0367,1.0367,1.0367,1.0367,1.0367,1.0367,1.0367,1.0367,1.0367,1.0367,1.0367,1.0367,1.0367,1.0367,1.0367,1.0367,1.0367,1.0367,1.0367,1.0367,1.0367,1.0361,1.0303,1.0297,1.0298,1.0298,1.0298,1.0298,1.0298,1.0298,1.0298,1.0298,1.0298,1.0298,1.0298,1.0298,1.0298,1.0298,1.0298,1.0298,1.0298,1.0298,1.0298,1.0298,1.0298,1.0298,1.0298,1.0298,1.0298,1.0298,1.0298,1.0298,1.0298,1.0298,1.0298,1.0298,1.0298,1.0298,1.0298,1.0298,1.0298,1.0298,1.0311,1.009,0.99895,1,1,1,1,1,1
1,1,1,1,1,1,1,1,1,1,1,1,1,1,1,1,1,1,1,1,1,1,1,1,1,1,1,1,1,1,1,1,1,1,1,1,1,1,1,1,1,1,1,1,1,1,1,1,1,1,1,1,1,1,1,1,1,1,1,1,1,1,1,1,1,1,1,1,1,1,1,1,1,1,1,1,1,1,1,1,1,1,1,1,1,1,1,1,1,1,1,1,1,1,1,1,1,1,1,1
1,1,1,1,1,1,1,1,1,1,1,1,1,1,1,1,1,1,1,1,1,1,1,1,1,1,1,1,1,1,1,1,1,1,1,1,1,1,1,1,1,1,1,1,1,1,1,1,1,1,1,1,1,1,1,1,1,1,1,1,1,1,1,1,1,1,1,1,1,1,1,1,1,1,1,1,1,1,1,1,1,1,1,1,1,1,1,1,1,1,1,1,1,1,1,1,1,1,1,1
1,1,1,1,1,1,1,1,1,1,1,1,1,1,1,1,1,1,1,1,1,1,1,1,1,1,1,1,1,1,1,1,1,1,1,1,1,1,1,1,1,1,1,1,1,1,1,1,1,1,1,1,1,1,1,1,1,1,1,1,1,1,1,1,1,1,1,1,1,1,1,1,1,1,1,1,1,1,1,1,1,1,1,1,1,1,1,1,1,1,1,1,1,1,1,1,1,1,1,1
1,1,1,1,1,1,1,1,1,1,1,1,1,1,1,1,1,1,1,1,1,1,1,1,1,1,1,1,1,1,1,1,1,1,1,1,1,1,1,1,1,1,1,1,1,1,1,1,1,1,1,1,1,1,1,1,1,1,1,1,1,1,1,1,1,1,1,1,1,1,1,1,1,1,1,1,1,1,1,1,1,1,1,1,1,1,1,1,1,1,1,1,1,1,1,1,1,1,1,1
1,1,1,1,1,1,1,1,1,1,1,1,1,1,1,1,1,1,1,1,1,1,1,1,1,1,1,1,1,1,1,1,1,1,1,1,1,1,1,1,1,1,1,1,1,1,1,1,1,1,1,1,1,1,1,1,1,1,1,1,1,1,1,1,1,1,1,1,1,1,1,1,1,1,1,1,1,1,1,1,1,1,1,1,1,1,1,1,1,1,1,1,1,1,1,1,1,1,1,1
1,1,1,1,1,1,1,1,1,1,1,1,1,1,1,1,1,1,1,1,1,1,1,1,1,1,1,1,1,1,1,1,1,1,1,1,1,1,1,1,1,1,1,1,1,1,1,1,1,1,1,1,1,1,1,1,1,1,1,1,1,1,1,1,1,1,1,1,1,1,1,1,1,1,1,1,1,1,1,1,1,1,1,1,1,1,1,1,1,1,1,1,1,1,1,1,1,1,1,1
1,1,1,1,1,1,1,1,1,1,1,1,1,1,1,1,1,1,1,1,1,1,1,1,1,1,1,1,1,1,1,1,1,1,1,1,1,1,1,1,1,1,1,1,1,1,1,1,1,1,1,1,1,1,1,1,1,1,1,1,1,1,1,1,1,1,1,1,1,1,1,1,1,1,1,1,1,1,1,1,1,1,1,1,1,1,1,1,1,1,1,1,1,1,1,1,1,1,1,1
